0.000000  0
0.000000  0
0.200000  0
0.400000  0
0.600000  0
0.800000  0
1.000000  0
1.200000  0
1.400000  0
1.600000  0
1.800000  0
2.000000  0
2.200000  0
2.400000  0
2.600000  0
2.800000  0
3.000000  0
3.200001  0
3.400001  0
3.600001  0
3.800001  0
4.000000  0
4.200000  0
4.400000  0
4.600000  1
4.800000  6
5.000000  8
5.199999  32
5.399999  35
5.599999  35
5.799999  36
5.999999  36
6.199998  10
6.399998  3
6.599998  13
6.799998  36
6.999998  36
7.199997  36
7.399997  36
7.599997  36
7.799997  36
7.999997  36
