233
46368
17711
3
3524578
832040
9227465
317811
8
196418
610
13
267914296
5
63245986
39088169
2
102334155
987
75025
55
24157817
1836311903
34
1134903170
317811
196418
267914296
2178309
14930352
267914296
317811
144
267914296
13
987
4181
21
5702887
7778742049
514229
28657
3
267914296
5702887
196418
514229
2584
3524578
55
610
4807526976
233
610
10946
4807526976
4181
1346269
987
8
3524578
832040
34
165580141
165580141
3
987
46368
3
4181
102334155
3524578
1
55
144
75025
987
1
1
3
8
2584
17711
3
514229
21
317811
102334155
233
144
701408733
514229
433494437
4181
3524578
89
4181
14930352
5702887
13
