1 0 1 
1 0 2 
1 0 3 
1 0 6 
1 0 7 
1 0 9 
1 0 11 
1 1 2 
1 1 3 
2 1 4 
2 1 5 
3 1 6 
3 1 7 
1 1 8 
3 1 9 
1 1 10 
1 1 11 
1 1 12 
2 1 13 
1 1 14 
1 1 15 
1 2 4 
1 2 5 
2 2 6 
2 2 7 
2 2 9 
1 2 13 
1 3 4 
1 3 5 
2 3 6 
2 3 7 
2 3 9 
1 3 13 
1 4 5 
2 4 6 
2 4 7 
1 4 8 
2 4 9 
1 4 10 
1 4 11 
1 4 12 
1 4 13 
1 4 14 
1 4 15 
2 5 6 
2 5 7 
1 5 8 
2 5 9 
1 5 10 
1 5 11 
1 5 12 
1 5 13 
1 5 14 
1 5 15 
3 6 7 
1 6 8 
3 6 9 
1 6 10 
1 6 11 
1 6 12 
2 6 13 
1 6 14 
1 6 15 
1 7 8 
3 7 9 
1 7 10 
1 7 11 
1 7 12 
2 7 13 
1 7 14 
1 7 15 
1 8 9 
1 8 11 
1 9 10 
1 9 11 
1 9 12 
2 9 13 
1 9 14 
1 9 15 
1 10 11 
1 11 13 
1 13 14 
1 13 15 
