1 0 4 
1 0 6 
1 0 8 
1 0 9 
1 0 12 
1 0 13 
1 0 14 
1 1 4 
1 1 6 
1 1 8 
1 1 9 
1 1 12 
1 1 13 
1 1 14 
1 2 3 
1 2 4 
1 2 5 
2 2 6 
1 2 7 
2 2 8 
2 2 9 
1 2 10 
1 2 11 
1 2 12 
1 2 13 
2 2 14 
1 2 15 
1 3 4 
1 3 6 
1 3 8 
1 3 9 
1 3 12 
1 3 13 
1 3 14 
2 4 6 
2 4 8 
2 4 9 
1 4 10 
1 4 11 
2 4 14 
1 5 6 
1 5 8 
1 5 9 
1 5 12 
1 5 13 
1 5 14 
1 6 7 
3 6 8 
3 6 9 
2 6 10 
2 6 11 
1 6 12 
1 6 13 
3 6 14 
1 6 15 
1 7 8 
1 7 9 
1 7 12 
1 7 13 
1 7 14 
3 8 9 
2 8 10 
2 8 11 
1 8 12 
1 8 13 
3 8 14 
1 8 15 
2 9 10 
2 9 11 
1 9 12 
1 9 13 
3 9 14 
1 9 15 
1 10 11 
1 10 12 
1 10 13 
2 10 14 
1 10 15 
1 11 12 
1 11 13 
2 11 14 
1 11 15 
2 12 14 
2 13 14 
1 14 15 
