
0 1 3 
0 1 5 
0 1 7 
0 1 15 
0 1 17 
0 1 19 
0 1 21 
0 1 23 
0 1 31 
0 1 51 
0 1 55 
0 1 63 
0 1 85 
0 1 87 
0 1 95 
0 1 119 
0 1 127 
0 1 255 
0 3 5 
0 3 7 
0 3 15 
0 3 17 
0 3 19 
0 3 21 
0 3 23 
0 3 31 
0 3 51 
0 3 55 
0 3 63 
0 3 85 
0 3 87 
0 3 95 
0 3 119 
0 3 127 
0 3 255 
0 5 7 
0 5 15 
0 5 17 
0 5 19 
0 5 21 
0 5 23 
0 5 31 
0 5 51 
0 5 55 
0 5 63 
0 5 85 
0 5 87 
0 5 95 
0 5 119 
0 5 127 
0 5 255 
0 7 15 
0 7 17 
0 7 19 
0 7 21 
0 7 23 
0 7 31 
0 7 51 
0 7 55 
0 7 63 
0 7 85 
0 7 87 
0 7 95 
0 7 119 
0 7 127 
0 7 255 
0 15 17 
0 15 19 
0 15 21 
0 15 23 
0 15 31 
0 15 51 
0 15 55 
0 15 63 
0 15 85 
0 15 87 
0 15 95 
0 15 119 
0 15 127 
0 15 255 
0 17 19 
0 17 21 
0 17 23 
0 17 31 
0 17 51 
0 17 55 
0 17 63 
0 17 85 
0 17 87 
0 17 95 
0 17 119 
0 17 127 
0 17 255 
0 19 21 
0 19 23 
0 19 31 
0 19 51 
0 19 55 
0 19 63 
0 19 85 
0 19 87 
0 19 95 
0 19 119 
0 19 127 
0 19 255 
0 21 23 
0 21 31 
0 21 51 
0 21 55 
0 21 63 
0 21 85 
0 21 87 
0 21 95 
0 21 119 
0 21 127 
0 21 255 
0 23 31 
0 23 51 
0 23 55 
0 23 63 
0 23 85 
0 23 87 
0 23 95 
0 23 119 
0 23 127 
0 23 255 
0 31 51 
0 31 55 
0 31 63 
0 31 85 
0 31 87 
0 31 95 
0 31 119 
0 31 127 
0 31 255 
0 51 55 
0 51 63 
0 51 85 
0 51 87 
0 51 95 
0 51 119 
0 51 127 
0 51 255 
0 55 63 
0 55 85 
0 55 87 
0 55 95 
0 55 119 
0 55 127 
0 55 255 
0 63 85 
0 63 87 
0 63 95 
0 63 119 
0 63 127 
0 63 255 
0 85 87 
0 85 95 
0 85 119 
0 85 127 
0 85 255 
0 87 95 
0 87 119 
0 87 127 
0 87 255 
0 95 119 
0 95 127 
0 95 255 
0 119 127 
0 119 255 
0 127 255 
1 3 5 
1 3 7 
1 3 15 
1 3 17 
1 3 19 
1 3 21 
1 3 23 
1 3 31 
1 3 51 
1 3 55 
1 3 63 
1 3 85 
1 3 87 
1 3 95 
1 3 119 
1 3 127 
1 3 255 
1 5 7 
1 5 15 
1 5 17 
1 5 19 
1 5 21 
1 5 23 
1 5 31 
1 5 51 
1 5 55 
1 5 63 
1 5 85 
1 5 87 
1 5 95 
1 5 119 
1 5 127 
1 5 255 
1 7 15 
1 7 17 
1 7 19 
1 7 21 
1 7 23 
1 7 31 
1 7 51 
1 7 55 
1 7 63 
1 7 85 
1 7 87 
1 7 95 
1 7 119 
1 7 127 
1 7 255 
1 15 17 
1 15 19 
1 15 21 
1 15 23 
1 15 31 
1 15 51 
1 15 55 
1 15 63 
1 15 85 
1 15 87 
1 15 95 
1 15 119 
1 15 127 
1 15 255 
1 17 19 
1 17 21 
1 17 23 
1 17 31 
1 17 51 
1 17 55 
1 17 63 
1 17 85 
1 17 87 
1 17 95 
1 17 119 
1 17 127 
1 17 255 
1 19 21 
1 19 23 
1 19 31 
1 19 51 
1 19 55 
1 19 63 
1 19 85 
1 19 87 
1 19 95 
1 19 119 
1 19 127 
1 19 255 
1 21 23 
1 21 31 
1 21 51 
1 21 55 
1 21 63 
1 21 85 
1 21 87 
1 21 95 
1 21 119 
1 21 127 
1 21 255 
1 23 31 
1 23 51 
1 23 55 
1 23 63 
1 23 85 
1 23 87 
1 23 95 
1 23 119 
1 23 127 
1 23 255 
1 31 51 
1 31 55 
1 31 63 
1 31 85 
1 31 87 
1 31 95 
1 31 119 
1 31 127 
1 31 255 
1 51 55 
1 51 63 
1 51 85 
1 51 87 
1 51 95 
1 51 119 
1 51 127 
1 51 255 
1 55 63 
1 55 85 
1 55 87 
1 55 95 
1 55 119 
1 55 127 
1 55 255 
1 63 85 
1 63 87 
1 63 95 
1 63 119 
1 63 127 
1 63 255 
1 85 87 
1 85 95 
1 85 119 
1 85 127 
1 85 255 
1 87 95 
1 87 119 
1 87 127 
1 87 255 
1 95 119 
1 95 127 
1 95 255 
1 119 127 
1 119 255 
1 127 255 
3 5 7 
3 5 15 
3 5 17 
3 5 19 
3 5 21 
3 5 23 
3 5 31 
3 5 51 
3 5 55 
3 5 63 
3 5 85 
3 5 87 
3 5 95 
3 5 119 
3 5 127 
3 5 255 
3 7 15 
3 7 17 
3 7 19 
3 7 21 
3 7 23 
3 7 31 
3 7 51 
3 7 55 
3 7 63 
3 7 85 
3 7 87 
3 7 95 
3 7 119 
3 7 127 
3 7 255 
3 15 17 
3 15 19 
3 15 21 
3 15 23 
3 15 31 
3 15 51 
3 15 55 
3 15 63 
3 15 85 
3 15 87 
3 15 95 
3 15 119 
3 15 127 
3 15 255 
3 17 19 
3 17 21 
3 17 23 
3 17 31 
3 17 51 
3 17 55 
3 17 63 
3 17 85 
3 17 87 
3 17 95 
3 17 119 
3 17 127 
3 17 255 
3 19 21 
3 19 23 
3 19 31 
3 19 51 
3 19 55 
3 19 63 
3 19 85 
3 19 87 
3 19 95 
3 19 119 
3 19 127 
3 19 255 
3 21 23 
3 21 31 
3 21 51 
3 21 55 
3 21 63 
3 21 85 
3 21 87 
3 21 95 
3 21 119 
3 21 127 
3 21 255 
3 23 31 
3 23 51 
3 23 55 
3 23 63 
3 23 85 
3 23 87 
3 23 95 
3 23 119 
3 23 127 
3 23 255 
3 31 51 
3 31 55 
3 31 63 
3 31 85 
3 31 87 
3 31 95 
3 31 119 
3 31 127 
3 31 255 
3 51 55 
3 51 63 
3 51 85 
3 51 87 
3 51 95 
3 51 119 
3 51 127 
3 51 255 
3 55 63 
3 55 85 
3 55 87 
3 55 95 
3 55 119 
3 55 127 
3 55 255 
3 63 85 
3 63 87 
3 63 95 
3 63 119 
3 63 127 
3 63 255 
3 85 87 
3 85 95 
3 85 119 
3 85 127 
3 85 255 
3 87 95 
3 87 119 
3 87 127 
3 87 255 
3 95 119 
3 95 127 
3 95 255 
3 119 127 
3 119 255 
3 127 255 
5 7 15 
5 7 17 
5 7 19 
5 7 21 
5 7 23 
5 7 31 
5 7 51 
5 7 55 
5 7 63 
5 7 85 
5 7 87 
5 7 95 
5 7 119 
5 7 127 
5 7 255 
5 15 17 
5 15 19 
5 15 21 
5 15 23 
5 15 31 
5 15 51 
5 15 55 
5 15 63 
5 15 85 
5 15 87 
5 15 95 
5 15 119 
5 15 127 
5 15 255 
5 17 19 
5 17 21 
5 17 23 
5 17 31 
5 17 51 
5 17 55 
5 17 63 
5 17 85 
5 17 87 
5 17 95 
5 17 119 
5 17 127 
5 17 255 
5 19 21 
5 19 23 
5 19 31 
5 19 51 
5 19 55 
5 19 63 
5 19 85 
5 19 87 
5 19 95 
5 19 119 
5 19 127 
5 19 255 
5 21 23 
5 21 31 
5 21 51 
5 21 55 
5 21 63 
5 21 85 
5 21 87 
5 21 95 
5 21 119 
5 21 127 
5 21 255 
5 23 31 
5 23 51 
5 23 55 
5 23 63 
5 23 85 
5 23 87 
5 23 95 
5 23 119 
5 23 127 
5 23 255 
5 31 51 
5 31 55 
5 31 63 
5 31 85 
5 31 87 
5 31 95 
5 31 119 
5 31 127 
5 31 255 
5 51 55 
5 51 63 
5 51 85 
5 51 87 
5 51 95 
5 51 119 
5 51 127 
5 51 255 
5 55 63 
5 55 85 
5 55 87 
5 55 95 
5 55 119 
5 55 127 
5 55 255 
5 63 85 
5 63 87 
5 63 95 
5 63 119 
5 63 127 
5 63 255 
5 85 87 
5 85 95 
5 85 119 
5 85 127 
5 85 255 
5 87 95 
5 87 119 
5 87 127 
5 87 255 
5 95 119 
5 95 127 
5 95 255 
5 119 127 
5 119 255 
5 127 255 
7 15 17 
7 15 19 
7 15 21 
7 15 23 
7 15 31 
7 15 51 
7 15 55 
7 15 63 
7 15 85 
7 15 87 
7 15 95 
7 15 119 
7 15 127 
7 15 255 
7 17 19 
7 17 21 
7 17 23 
7 17 31 
7 17 51 
7 17 55 
7 17 63 
7 17 85 
7 17 87 
7 17 95 
7 17 119 
7 17 127 
7 17 255 
7 19 21 
7 19 23 
7 19 31 
7 19 51 
7 19 55 
7 19 63 
7 19 85 
7 19 87 
7 19 95 
7 19 119 
7 19 127 
7 19 255 
7 21 23 
7 21 31 
7 21 51 
7 21 55 
7 21 63 
7 21 85 
7 21 87 
7 21 95 
7 21 119 
7 21 127 
7 21 255 
7 23 31 
7 23 51 
7 23 55 
7 23 63 
7 23 85 
7 23 87 
7 23 95 
7 23 119 
7 23 127 
7 23 255 
7 31 51 
7 31 55 
7 31 63 
7 31 85 
7 31 87 
7 31 95 
7 31 119 
7 31 127 
7 31 255 
7 51 55 
7 51 63 
7 51 85 
7 51 87 
7 51 95 
7 51 119 
7 51 127 
7 51 255 
7 55 63 
7 55 85 
7 55 87 
7 55 95 
7 55 119 
7 55 127 
7 55 255 
7 63 85 
7 63 87 
7 63 95 
7 63 119 
7 63 127 
7 63 255 
7 85 87 
7 85 95 
7 85 119 
7 85 127 
7 85 255 
7 87 95 
7 87 119 
7 87 127 
7 87 255 
7 95 119 
7 95 127 
7 95 255 
7 119 127 
7 119 255 
7 127 255 
15 17 19 
15 17 21 
15 17 23 
15 17 31 
15 17 51 
15 17 55 
15 17 63 
15 17 85 
15 17 87 
15 17 95 
15 17 119 
15 17 127 
15 17 255 
15 19 21 
15 19 23 
15 19 31 
15 19 51 
15 19 55 
15 19 63 
15 19 85 
15 19 87 
15 19 95 
15 19 119 
15 19 127 
15 19 255 
15 21 23 
15 21 31 
15 21 51 
15 21 55 
15 21 63 
15 21 85 
15 21 87 
15 21 95 
15 21 119 
15 21 127 
15 21 255 
15 23 31 
15 23 51 
15 23 55 
15 23 63 
15 23 85 
15 23 87 
15 23 95 
15 23 119 
15 23 127 
15 23 255 
15 31 51 
15 31 55 
15 31 63 
15 31 85 
15 31 87 
15 31 95 
15 31 119 
15 31 127 
15 31 255 
15 51 55 
15 51 63 
15 51 85 
15 51 87 
15 51 95 
15 51 119 
15 51 127 
15 51 255 
15 55 63 
15 55 85 
15 55 87 
15 55 95 
15 55 119 
15 55 127 
15 55 255 
15 63 85 
15 63 87 
15 63 95 
15 63 119 
15 63 127 
15 63 255 
15 85 87 
15 85 95 
15 85 119 
15 85 127 
15 85 255 
15 87 95 
15 87 119 
15 87 127 
15 87 255 
15 95 119 
15 95 127 
15 95 255 
15 119 127 
15 119 255 
15 127 255 
17 19 21 
17 19 23 
17 19 31 
17 19 51 
17 19 55 
17 19 63 
17 19 85 
17 19 87 
17 19 95 
17 19 119 
17 19 127 
17 19 255 
17 21 23 
17 21 31 
17 21 51 
17 21 55 
17 21 63 
17 21 85 
17 21 87 
17 21 95 
17 21 119 
17 21 127 
17 21 255 
17 23 31 
17 23 51 
17 23 55 
17 23 63 
17 23 85 
17 23 87 
17 23 95 
17 23 119 
17 23 127 
17 23 255 
17 31 51 
17 31 55 
17 31 63 
17 31 85 
17 31 87 
17 31 95 
17 31 119 
17 31 127 
17 31 255 
17 51 55 
17 51 63 
17 51 85 
17 51 87 
17 51 95 
17 51 119 
17 51 127 
17 51 255 
17 55 63 
17 55 85 
17 55 87 
17 55 95 
17 55 119 
17 55 127 
17 55 255 
17 63 85 
17 63 87 
17 63 95 
17 63 119 
17 63 127 
17 63 255 
17 85 87 
17 85 95 
17 85 119 
17 85 127 
17 85 255 
17 87 95 
17 87 119 
17 87 127 
17 87 255 
17 95 119 
17 95 127 
17 95 255 
17 119 127 
17 119 255 
17 127 255 
19 21 23 
19 21 31 
19 21 51 
19 21 55 
19 21 63 
19 21 85 
19 21 87 
19 21 95 
19 21 119 
19 21 127 
19 21 255 
19 23 31 
19 23 51 
19 23 55 
19 23 63 
19 23 85 
19 23 87 
19 23 95 
19 23 119 
19 23 127 
19 23 255 
19 31 51 
19 31 55 
19 31 63 
19 31 85 
19 31 87 
19 31 95 
19 31 119 
19 31 127 
19 31 255 
19 51 55 
19 51 63 
19 51 85 
19 51 87 
19 51 95 
19 51 119 
19 51 127 
19 51 255 
19 55 63 
19 55 85 
19 55 87 
19 55 95 
19 55 119 
19 55 127 
19 55 255 
19 63 85 
19 63 87 
19 63 95 
19 63 119 
19 63 127 
19 63 255 
19 85 87 
19 85 95 
19 85 119 
19 85 127 
19 85 255 
19 87 95 
19 87 119 
19 87 127 
19 87 255 
19 95 119 
19 95 127 
19 95 255 
19 119 127 
19 119 255 
19 127 255 
21 23 31 
21 23 51 
21 23 55 
21 23 63 
21 23 85 
21 23 87 
21 23 95 
21 23 119 
21 23 127 
21 23 255 
21 31 51 
21 31 55 
21 31 63 
21 31 85 
21 31 87 
21 31 95 
21 31 119 
21 31 127 
21 31 255 
21 51 55 
21 51 63 
21 51 85 
21 51 87 
21 51 95 
21 51 119 
21 51 127 
21 51 255 
21 55 63 
21 55 85 
21 55 87 
21 55 95 
21 55 119 
21 55 127 
21 55 255 
21 63 85 
21 63 87 
21 63 95 
21 63 119 
21 63 127 
21 63 255 
21 85 87 
21 85 95 
21 85 119 
21 85 127 
21 85 255 
21 87 95 
21 87 119 
21 87 127 
21 87 255 
21 95 119 
21 95 127 
21 95 255 
21 119 127 
21 119 255 
21 127 255 
23 31 51 
23 31 55 
23 31 63 
23 31 85 
23 31 87 
23 31 95 
23 31 119 
23 31 127 
23 31 255 
23 51 55 
23 51 63 
23 51 85 
23 51 87 
23 51 95 
23 51 119 
23 51 127 
23 51 255 
23 55 63 
23 55 85 
23 55 87 
23 55 95 
23 55 119 
23 55 127 
23 55 255 
23 63 85 
23 63 87 
23 63 95 
23 63 119 
23 63 127 
23 63 255 
23 85 87 
23 85 95 
23 85 119 
23 85 127 
23 85 255 
23 87 95 
23 87 119 
23 87 127 
23 87 255 
23 95 119 
23 95 127 
23 95 255 
23 119 127 
23 119 255 
23 127 255 
31 51 55 
31 51 63 
31 51 85 
31 51 87 
31 51 95 
31 51 119 
31 51 127 
31 51 255 
31 55 63 
31 55 85 
31 55 87 
31 55 95 
31 55 119 
31 55 127 
31 55 255 
31 63 85 
31 63 87 
31 63 95 
31 63 119 
31 63 127 
31 63 255 
31 85 87 
31 85 95 
31 85 119 
31 85 127 
31 85 255 
31 87 95 
31 87 119 
31 87 127 
31 87 255 
31 95 119 
31 95 127 
31 95 255 
31 119 127 
31 119 255 
31 127 255 
51 55 63 
51 55 85 
51 55 87 
51 55 95 
51 55 119 
51 55 127 
51 55 255 
51 63 85 
51 63 87 
51 63 95 
51 63 119 
51 63 127 
51 63 255 
51 85 87 
51 85 95 
51 85 119 
51 85 127 
51 85 255 
51 87 95 
51 87 119 
51 87 127 
51 87 255 
51 95 119 
51 95 127 
51 95 255 
51 119 127 
51 119 255 
51 127 255 
55 63 85 
55 63 87 
55 63 95 
55 63 119 
55 63 127 
55 63 255 
55 85 87 
55 85 95 
55 85 119 
55 85 127 
55 85 255 
55 87 95 
55 87 119 
55 87 127 
55 87 255 
55 95 119 
55 95 127 
55 95 255 
55 119 127 
55 119 255 
55 127 255 
63 85 87 
63 85 95 
63 85 119 
63 85 127 
63 85 255 
63 87 95 
63 87 119 
63 87 127 
63 87 255 
63 95 119 
63 95 127 
63 95 255 
63 119 127 
63 119 255 
63 127 255 
85 87 95 
85 87 119 
85 87 127 
85 87 255 
85 95 119 
85 95 127 
85 95 255 
85 119 127 
85 119 255 
85 127 255 
87 95 119 
87 95 127 
87 95 255 
87 119 127 
87 119 255 
87 127 255 
95 119 127 
95 119 255 
95 127 255 
119 127 255 