
1 7 19 
1 7 21 
1 7 23 
1 7 31 
1 7 55 
1 7 87 
1 7 127 
1 19 21 
1 19 23 
1 19 31 
1 19 55 
1 19 87 
1 19 127 
1 21 23 
1 21 31 
1 21 55 
1 21 87 
1 21 127 
1 23 31 
1 23 55 
1 23 87 
1 23 127 
1 31 55 
1 31 87 
1 31 127 
1 55 87 
1 55 127 
1 87 127 
7 19 21 
7 19 23 
7 19 31 
7 19 55 
7 19 87 
7 19 127 
7 21 23 
7 21 31 
7 21 55 
7 21 87 
7 21 127 
7 23 31 
7 23 55 
7 23 87 
7 23 127 
7 31 55 
7 31 87 
7 31 127 
7 55 87 
7 55 127 
7 87 127 
19 21 23 
19 21 31 
19 21 55 
19 21 87 
19 21 127 
19 23 31 
19 23 55 
19 23 87 
19 23 127 
19 31 55 
19 31 87 
19 31 127 
19 55 87 
19 55 127 
19 87 127 
21 23 31 
21 23 55 
21 23 87 
21 23 127 
21 31 55 
21 31 87 
21 31 127 
21 55 87 
21 55 127 
21 87 127 
23 31 55 
23 31 87 
23 31 127 
23 55 87 
23 55 127 
23 87 127 
31 55 87 
31 55 127 
31 87 127 
55 87 127 