
0 128 136 
0 128 160 
0 128 168 
0 128 170 
0 128 192 
0 128 200 
0 128 204 
0 128 224 
0 128 232 
0 128 234 
0 128 236 
0 128 238 
0 128 240 
0 128 248 
0 128 250 
0 128 252 
0 128 254 
0 128 255 
0 136 160 
0 136 168 
0 136 170 
0 136 192 
0 136 200 
0 136 204 
0 136 224 
0 136 232 
0 136 234 
0 136 236 
0 136 238 
0 136 240 
0 136 248 
0 136 250 
0 136 252 
0 136 254 
0 136 255 
0 160 168 
0 160 170 
0 160 192 
0 160 200 
0 160 204 
0 160 224 
0 160 232 
0 160 234 
0 160 236 
0 160 238 
0 160 240 
0 160 248 
0 160 250 
0 160 252 
0 160 254 
0 160 255 
0 168 170 
0 168 192 
0 168 200 
0 168 204 
0 168 224 
0 168 232 
0 168 234 
0 168 236 
0 168 238 
0 168 240 
0 168 248 
0 168 250 
0 168 252 
0 168 254 
0 168 255 
0 170 192 
0 170 200 
0 170 204 
0 170 224 
0 170 232 
0 170 234 
0 170 236 
0 170 238 
0 170 240 
0 170 248 
0 170 250 
0 170 252 
0 170 254 
0 170 255 
0 192 200 
0 192 204 
0 192 224 
0 192 232 
0 192 234 
0 192 236 
0 192 238 
0 192 240 
0 192 248 
0 192 250 
0 192 252 
0 192 254 
0 192 255 
0 200 204 
0 200 224 
0 200 232 
0 200 234 
0 200 236 
0 200 238 
0 200 240 
0 200 248 
0 200 250 
0 200 252 
0 200 254 
0 200 255 
0 204 224 
0 204 232 
0 204 234 
0 204 236 
0 204 238 
0 204 240 
0 204 248 
0 204 250 
0 204 252 
0 204 254 
0 204 255 
0 224 232 
0 224 234 
0 224 236 
0 224 238 
0 224 240 
0 224 248 
0 224 250 
0 224 252 
0 224 254 
0 224 255 
0 232 234 
0 232 236 
0 232 238 
0 232 240 
0 232 248 
0 232 250 
0 232 252 
0 232 254 
0 232 255 
0 234 236 
0 234 238 
0 234 240 
0 234 248 
0 234 250 
0 234 252 
0 234 254 
0 234 255 
0 236 238 
0 236 240 
0 236 248 
0 236 250 
0 236 252 
0 236 254 
0 236 255 
0 238 240 
0 238 248 
0 238 250 
0 238 252 
0 238 254 
0 238 255 
0 240 248 
0 240 250 
0 240 252 
0 240 254 
0 240 255 
0 248 250 
0 248 252 
0 248 254 
0 248 255 
0 250 252 
0 250 254 
0 250 255 
0 252 254 
0 252 255 
0 254 255 
128 136 160 
128 136 168 
128 136 170 
128 136 192 
128 136 200 
128 136 204 
128 136 224 
128 136 232 
128 136 234 
128 136 236 
128 136 238 
128 136 240 
128 136 248 
128 136 250 
128 136 252 
128 136 254 
128 136 255 
128 160 168 
128 160 170 
128 160 192 
128 160 200 
128 160 204 
128 160 224 
128 160 232 
128 160 234 
128 160 236 
128 160 238 
128 160 240 
128 160 248 
128 160 250 
128 160 252 
128 160 254 
128 160 255 
128 168 170 
128 168 192 
128 168 200 
128 168 204 
128 168 224 
128 168 232 
128 168 234 
128 168 236 
128 168 238 
128 168 240 
128 168 248 
128 168 250 
128 168 252 
128 168 254 
128 168 255 
128 170 192 
128 170 200 
128 170 204 
128 170 224 
128 170 232 
128 170 234 
128 170 236 
128 170 238 
128 170 240 
128 170 248 
128 170 250 
128 170 252 
128 170 254 
128 170 255 
128 192 200 
128 192 204 
128 192 224 
128 192 232 
128 192 234 
128 192 236 
128 192 238 
128 192 240 
128 192 248 
128 192 250 
128 192 252 
128 192 254 
128 192 255 
128 200 204 
128 200 224 
128 200 232 
128 200 234 
128 200 236 
128 200 238 
128 200 240 
128 200 248 
128 200 250 
128 200 252 
128 200 254 
128 200 255 
128 204 224 
128 204 232 
128 204 234 
128 204 236 
128 204 238 
128 204 240 
128 204 248 
128 204 250 
128 204 252 
128 204 254 
128 204 255 
128 224 232 
128 224 234 
128 224 236 
128 224 238 
128 224 240 
128 224 248 
128 224 250 
128 224 252 
128 224 254 
128 224 255 
128 232 234 
128 232 236 
128 232 238 
128 232 240 
128 232 248 
128 232 250 
128 232 252 
128 232 254 
128 232 255 
128 234 236 
128 234 238 
128 234 240 
128 234 248 
128 234 250 
128 234 252 
128 234 254 
128 234 255 
128 236 238 
128 236 240 
128 236 248 
128 236 250 
128 236 252 
128 236 254 
128 236 255 
128 238 240 
128 238 248 
128 238 250 
128 238 252 
128 238 254 
128 238 255 
128 240 248 
128 240 250 
128 240 252 
128 240 254 
128 240 255 
128 248 250 
128 248 252 
128 248 254 
128 248 255 
128 250 252 
128 250 254 
128 250 255 
128 252 254 
128 252 255 
128 254 255 
136 160 168 
136 160 170 
136 160 192 
136 160 200 
136 160 204 
136 160 224 
136 160 232 
136 160 234 
136 160 236 
136 160 238 
136 160 240 
136 160 248 
136 160 250 
136 160 252 
136 160 254 
136 160 255 
136 168 170 
136 168 192 
136 168 200 
136 168 204 
136 168 224 
136 168 232 
136 168 234 
136 168 236 
136 168 238 
136 168 240 
136 168 248 
136 168 250 
136 168 252 
136 168 254 
136 168 255 
136 170 192 
136 170 200 
136 170 204 
136 170 224 
136 170 232 
136 170 234 
136 170 236 
136 170 238 
136 170 240 
136 170 248 
136 170 250 
136 170 252 
136 170 254 
136 170 255 
136 192 200 
136 192 204 
136 192 224 
136 192 232 
136 192 234 
136 192 236 
136 192 238 
136 192 240 
136 192 248 
136 192 250 
136 192 252 
136 192 254 
136 192 255 
136 200 204 
136 200 224 
136 200 232 
136 200 234 
136 200 236 
136 200 238 
136 200 240 
136 200 248 
136 200 250 
136 200 252 
136 200 254 
136 200 255 
136 204 224 
136 204 232 
136 204 234 
136 204 236 
136 204 238 
136 204 240 
136 204 248 
136 204 250 
136 204 252 
136 204 254 
136 204 255 
136 224 232 
136 224 234 
136 224 236 
136 224 238 
136 224 240 
136 224 248 
136 224 250 
136 224 252 
136 224 254 
136 224 255 
136 232 234 
136 232 236 
136 232 238 
136 232 240 
136 232 248 
136 232 250 
136 232 252 
136 232 254 
136 232 255 
136 234 236 
136 234 238 
136 234 240 
136 234 248 
136 234 250 
136 234 252 
136 234 254 
136 234 255 
136 236 238 
136 236 240 
136 236 248 
136 236 250 
136 236 252 
136 236 254 
136 236 255 
136 238 240 
136 238 248 
136 238 250 
136 238 252 
136 238 254 
136 238 255 
136 240 248 
136 240 250 
136 240 252 
136 240 254 
136 240 255 
136 248 250 
136 248 252 
136 248 254 
136 248 255 
136 250 252 
136 250 254 
136 250 255 
136 252 254 
136 252 255 
136 254 255 
160 168 170 
160 168 192 
160 168 200 
160 168 204 
160 168 224 
160 168 232 
160 168 234 
160 168 236 
160 168 238 
160 168 240 
160 168 248 
160 168 250 
160 168 252 
160 168 254 
160 168 255 
160 170 192 
160 170 200 
160 170 204 
160 170 224 
160 170 232 
160 170 234 
160 170 236 
160 170 238 
160 170 240 
160 170 248 
160 170 250 
160 170 252 
160 170 254 
160 170 255 
160 192 200 
160 192 204 
160 192 224 
160 192 232 
160 192 234 
160 192 236 
160 192 238 
160 192 240 
160 192 248 
160 192 250 
160 192 252 
160 192 254 
160 192 255 
160 200 204 
160 200 224 
160 200 232 
160 200 234 
160 200 236 
160 200 238 
160 200 240 
160 200 248 
160 200 250 
160 200 252 
160 200 254 
160 200 255 
160 204 224 
160 204 232 
160 204 234 
160 204 236 
160 204 238 
160 204 240 
160 204 248 
160 204 250 
160 204 252 
160 204 254 
160 204 255 
160 224 232 
160 224 234 
160 224 236 
160 224 238 
160 224 240 
160 224 248 
160 224 250 
160 224 252 
160 224 254 
160 224 255 
160 232 234 
160 232 236 
160 232 238 
160 232 240 
160 232 248 
160 232 250 
160 232 252 
160 232 254 
160 232 255 
160 234 236 
160 234 238 
160 234 240 
160 234 248 
160 234 250 
160 234 252 
160 234 254 
160 234 255 
160 236 238 
160 236 240 
160 236 248 
160 236 250 
160 236 252 
160 236 254 
160 236 255 
160 238 240 
160 238 248 
160 238 250 
160 238 252 
160 238 254 
160 238 255 
160 240 248 
160 240 250 
160 240 252 
160 240 254 
160 240 255 
160 248 250 
160 248 252 
160 248 254 
160 248 255 
160 250 252 
160 250 254 
160 250 255 
160 252 254 
160 252 255 
160 254 255 
168 170 192 
168 170 200 
168 170 204 
168 170 224 
168 170 232 
168 170 234 
168 170 236 
168 170 238 
168 170 240 
168 170 248 
168 170 250 
168 170 252 
168 170 254 
168 170 255 
168 192 200 
168 192 204 
168 192 224 
168 192 232 
168 192 234 
168 192 236 
168 192 238 
168 192 240 
168 192 248 
168 192 250 
168 192 252 
168 192 254 
168 192 255 
168 200 204 
168 200 224 
168 200 232 
168 200 234 
168 200 236 
168 200 238 
168 200 240 
168 200 248 
168 200 250 
168 200 252 
168 200 254 
168 200 255 
168 204 224 
168 204 232 
168 204 234 
168 204 236 
168 204 238 
168 204 240 
168 204 248 
168 204 250 
168 204 252 
168 204 254 
168 204 255 
168 224 232 
168 224 234 
168 224 236 
168 224 238 
168 224 240 
168 224 248 
168 224 250 
168 224 252 
168 224 254 
168 224 255 
168 232 234 
168 232 236 
168 232 238 
168 232 240 
168 232 248 
168 232 250 
168 232 252 
168 232 254 
168 232 255 
168 234 236 
168 234 238 
168 234 240 
168 234 248 
168 234 250 
168 234 252 
168 234 254 
168 234 255 
168 236 238 
168 236 240 
168 236 248 
168 236 250 
168 236 252 
168 236 254 
168 236 255 
168 238 240 
168 238 248 
168 238 250 
168 238 252 
168 238 254 
168 238 255 
168 240 248 
168 240 250 
168 240 252 
168 240 254 
168 240 255 
168 248 250 
168 248 252 
168 248 254 
168 248 255 
168 250 252 
168 250 254 
168 250 255 
168 252 254 
168 252 255 
168 254 255 
170 192 200 
170 192 204 
170 192 224 
170 192 232 
170 192 234 
170 192 236 
170 192 238 
170 192 240 
170 192 248 
170 192 250 
170 192 252 
170 192 254 
170 192 255 
170 200 204 
170 200 224 
170 200 232 
170 200 234 
170 200 236 
170 200 238 
170 200 240 
170 200 248 
170 200 250 
170 200 252 
170 200 254 
170 200 255 
170 204 224 
170 204 232 
170 204 234 
170 204 236 
170 204 238 
170 204 240 
170 204 248 
170 204 250 
170 204 252 
170 204 254 
170 204 255 
170 224 232 
170 224 234 
170 224 236 
170 224 238 
170 224 240 
170 224 248 
170 224 250 
170 224 252 
170 224 254 
170 224 255 
170 232 234 
170 232 236 
170 232 238 
170 232 240 
170 232 248 
170 232 250 
170 232 252 
170 232 254 
170 232 255 
170 234 236 
170 234 238 
170 234 240 
170 234 248 
170 234 250 
170 234 252 
170 234 254 
170 234 255 
170 236 238 
170 236 240 
170 236 248 
170 236 250 
170 236 252 
170 236 254 
170 236 255 
170 238 240 
170 238 248 
170 238 250 
170 238 252 
170 238 254 
170 238 255 
170 240 248 
170 240 250 
170 240 252 
170 240 254 
170 240 255 
170 248 250 
170 248 252 
170 248 254 
170 248 255 
170 250 252 
170 250 254 
170 250 255 
170 252 254 
170 252 255 
170 254 255 
192 200 204 
192 200 224 
192 200 232 
192 200 234 
192 200 236 
192 200 238 
192 200 240 
192 200 248 
192 200 250 
192 200 252 
192 200 254 
192 200 255 
192 204 224 
192 204 232 
192 204 234 
192 204 236 
192 204 238 
192 204 240 
192 204 248 
192 204 250 
192 204 252 
192 204 254 
192 204 255 
192 224 232 
192 224 234 
192 224 236 
192 224 238 
192 224 240 
192 224 248 
192 224 250 
192 224 252 
192 224 254 
192 224 255 
192 232 234 
192 232 236 
192 232 238 
192 232 240 
192 232 248 
192 232 250 
192 232 252 
192 232 254 
192 232 255 
192 234 236 
192 234 238 
192 234 240 
192 234 248 
192 234 250 
192 234 252 
192 234 254 
192 234 255 
192 236 238 
192 236 240 
192 236 248 
192 236 250 
192 236 252 
192 236 254 
192 236 255 
192 238 240 
192 238 248 
192 238 250 
192 238 252 
192 238 254 
192 238 255 
192 240 248 
192 240 250 
192 240 252 
192 240 254 
192 240 255 
192 248 250 
192 248 252 
192 248 254 
192 248 255 
192 250 252 
192 250 254 
192 250 255 
192 252 254 
192 252 255 
192 254 255 
200 204 224 
200 204 232 
200 204 234 
200 204 236 
200 204 238 
200 204 240 
200 204 248 
200 204 250 
200 204 252 
200 204 254 
200 204 255 
200 224 232 
200 224 234 
200 224 236 
200 224 238 
200 224 240 
200 224 248 
200 224 250 
200 224 252 
200 224 254 
200 224 255 
200 232 234 
200 232 236 
200 232 238 
200 232 240 
200 232 248 
200 232 250 
200 232 252 
200 232 254 
200 232 255 
200 234 236 
200 234 238 
200 234 240 
200 234 248 
200 234 250 
200 234 252 
200 234 254 
200 234 255 
200 236 238 
200 236 240 
200 236 248 
200 236 250 
200 236 252 
200 236 254 
200 236 255 
200 238 240 
200 238 248 
200 238 250 
200 238 252 
200 238 254 
200 238 255 
200 240 248 
200 240 250 
200 240 252 
200 240 254 
200 240 255 
200 248 250 
200 248 252 
200 248 254 
200 248 255 
200 250 252 
200 250 254 
200 250 255 
200 252 254 
200 252 255 
200 254 255 
204 224 232 
204 224 234 
204 224 236 
204 224 238 
204 224 240 
204 224 248 
204 224 250 
204 224 252 
204 224 254 
204 224 255 
204 232 234 
204 232 236 
204 232 238 
204 232 240 
204 232 248 
204 232 250 
204 232 252 
204 232 254 
204 232 255 
204 234 236 
204 234 238 
204 234 240 
204 234 248 
204 234 250 
204 234 252 
204 234 254 
204 234 255 
204 236 238 
204 236 240 
204 236 248 
204 236 250 
204 236 252 
204 236 254 
204 236 255 
204 238 240 
204 238 248 
204 238 250 
204 238 252 
204 238 254 
204 238 255 
204 240 248 
204 240 250 
204 240 252 
204 240 254 
204 240 255 
204 248 250 
204 248 252 
204 248 254 
204 248 255 
204 250 252 
204 250 254 
204 250 255 
204 252 254 
204 252 255 
204 254 255 
224 232 234 
224 232 236 
224 232 238 
224 232 240 
224 232 248 
224 232 250 
224 232 252 
224 232 254 
224 232 255 
224 234 236 
224 234 238 
224 234 240 
224 234 248 
224 234 250 
224 234 252 
224 234 254 
224 234 255 
224 236 238 
224 236 240 
224 236 248 
224 236 250 
224 236 252 
224 236 254 
224 236 255 
224 238 240 
224 238 248 
224 238 250 
224 238 252 
224 238 254 
224 238 255 
224 240 248 
224 240 250 
224 240 252 
224 240 254 
224 240 255 
224 248 250 
224 248 252 
224 248 254 
224 248 255 
224 250 252 
224 250 254 
224 250 255 
224 252 254 
224 252 255 
224 254 255 
232 234 236 
232 234 238 
232 234 240 
232 234 248 
232 234 250 
232 234 252 
232 234 254 
232 234 255 
232 236 238 
232 236 240 
232 236 248 
232 236 250 
232 236 252 
232 236 254 
232 236 255 
232 238 240 
232 238 248 
232 238 250 
232 238 252 
232 238 254 
232 238 255 
232 240 248 
232 240 250 
232 240 252 
232 240 254 
232 240 255 
232 248 250 
232 248 252 
232 248 254 
232 248 255 
232 250 252 
232 250 254 
232 250 255 
232 252 254 
232 252 255 
232 254 255 
234 236 238 
234 236 240 
234 236 248 
234 236 250 
234 236 252 
234 236 254 
234 236 255 
234 238 240 
234 238 248 
234 238 250 
234 238 252 
234 238 254 
234 238 255 
234 240 248 
234 240 250 
234 240 252 
234 240 254 
234 240 255 
234 248 250 
234 248 252 
234 248 254 
234 248 255 
234 250 252 
234 250 254 
234 250 255 
234 252 254 
234 252 255 
234 254 255 
236 238 240 
236 238 248 
236 238 250 
236 238 252 
236 238 254 
236 238 255 
236 240 248 
236 240 250 
236 240 252 
236 240 254 
236 240 255 
236 248 250 
236 248 252 
236 248 254 
236 248 255 
236 250 252 
236 250 254 
236 250 255 
236 252 254 
236 252 255 
236 254 255 
238 240 248 
238 240 250 
238 240 252 
238 240 254 
238 240 255 
238 248 250 
238 248 252 
238 248 254 
238 248 255 
238 250 252 
238 250 254 
238 250 255 
238 252 254 
238 252 255 
238 254 255 
240 248 250 
240 248 252 
240 248 254 
240 248 255 
240 250 252 
240 250 254 
240 250 255 
240 252 254 
240 252 255 
240 254 255 
248 250 252 
248 250 254 
248 250 255 
248 252 254 
248 252 255 
248 254 255 
250 252 254 
250 252 255 
250 254 255 
252 254 255 