
128 168 200 
128 168 224 
128 168 232 
128 168 234 
128 168 236 
128 168 248 
128 168 254 
128 200 224 
128 200 232 
128 200 234 
128 200 236 
128 200 248 
128 200 254 
128 224 232 
128 224 234 
128 224 236 
128 224 248 
128 224 254 
128 232 234 
128 232 236 
128 232 248 
128 232 254 
128 234 236 
128 234 248 
128 234 254 
128 236 248 
128 236 254 
128 248 254 
168 200 224 
168 200 232 
168 200 234 
168 200 236 
168 200 248 
168 200 254 
168 224 232 
168 224 234 
168 224 236 
168 224 248 
168 224 254 
168 232 234 
168 232 236 
168 232 248 
168 232 254 
168 234 236 
168 234 248 
168 234 254 
168 236 248 
168 236 254 
168 248 254 
200 224 232 
200 224 234 
200 224 236 
200 224 248 
200 224 254 
200 232 234 
200 232 236 
200 232 248 
200 232 254 
200 234 236 
200 234 248 
200 234 254 
200 236 248 
200 236 254 
200 248 254 
224 232 234 
224 232 236 
224 232 248 
224 232 254 
224 234 236 
224 234 248 
224 234 254 
224 236 248 
224 236 254 
224 248 254 
232 234 236 
232 234 248 
232 234 254 
232 236 248 
232 236 254 
232 248 254 
234 236 248 
234 236 254 
234 248 254 
236 248 254 