1
6
7
9
18
19
20
21
22
23
24
25
26
27
28
29
30
31
33
36
37
38
39
40
41
44
45
52
53
54
55
56
57
61
62
65
66
67
70
71
72
73
74
75
82
83
86
87
88
89
91
94
96
97
98
99
100
101
103
104
105
106
107
108
109
110
111
118
120
121
122
123
124
125
126
127
128
129
130
131
132
133
134
135
137
144
145
146
147
148
149
150
151
152
154
155
156
157
158
159
161
164
166
167
168
169
172
173
180
181
182
183
184
185
188
189
190
193
194
198
199
200
201
202
203
210
211
214
215
216
217
218
219
222
224
225
226
227
228
229
230
231
232
233
234
235
236
237
246
248
249
254

Distinct functions:  152
