1.002213 1
1.008578 2
1.012245 3
1.015818 4
1.022245 5
1.025818 6
1.029791 7
1.033765 8
1.037338 9
1.040111 10
1.044485 11
1.047258 12
1.051631 13
1.056805 14
1.060778 15
1.064751 16
1.068325 17
1.071098 18
1.074271 19
1.077445 20
1.081418 21
1.084191 22
1.086965 23
1.095532 24
1.099906 25
1.104279 26
1.109052 27
1.113426 28
1.117799 29
1.122172 30
1.126546 31
1.130919 32
1.135692 33
1.140066 34
1.144439 35
1.148812 36
1.153186 37
1.157559 38
1.162332 39
1.166706 40
1.171079 41
1.175452 42
1.179826 43
1.184199 44
1.188572 45
1.192946 46
1.196919 47
1.201292 48
1.205266 49
1.209239 50
1.213212 51
1.217986 52
1.221959 53
1.246393 54
1.250767 55
1.270538 56
1.273311 57
1.278085 58
1.282458 59
1.286031 60
1.289605 61
1.292378 62
1.298751 63
1.301925 64
1.305498 65
1.309471 66
1.312245 67
1.315818 68
1.319391 69
1.323365 70
1.327738 71
1.330911 72
1.334485 73
1.338458 74
1.342831 75
1.345605 76
1.349178 77
1.352751 78
1.355925 79
1.359098 80
1.364671 81
1.367845 82
1.377605 83
1.381578 84
1.387365 85
1.391338 86
1.395311 87
1.401285 88
1.405258 89
1.408831 90
1.413605 91
1.417978 92
1.421551 93
1.425525 94
1.429498 95
1.433871 96
1.437845 97
1.441818 98
1.445791 99
1.448965 100
1.452538 101
1.456511 102
1.461285 103
1.466058 104
1.470831 105
1.475605 106
1.479978 107
1.484751 108
1.494511 109
1.498485 110
1.504271 111
1.508245 112
1.511818 113
1.515791 114
1.519765 115
1.523738 116
1.527711 117
1.531285 118
1.538858 119
1.542431 120
1.545205 121
1.549578 122
1.553951 123
1.561125 124
1.569639 125
1.573612 126
1.576786 127
1.579559 128
1.586332 129
1.590306 130
1.595879 131
1.599852 132
1.603026 133
1.606599 134
1.610172 135
1.613746 136
1.617719 137
1.623692 138
1.627266 139
1.631639 140
1.634412 141
1.639586 142
1.643159 143
1.647532 144
1.651506 145
1.657879 146
1.663052 147
1.667026 148
1.670599 149
1.675372 150
1.678546 151
1.682919 152
1.690092 153
1.694066 154
1.698039 155
1.702412 156
1.705186 157
1.709959 158
1.712732 159
1.716706 160
1.723079 161
1.727852 162
1.730626 163
1.736199 164
1.740572 165
1.743746 166
1.753506 167
1.756679 168
1.760252 169
1.763826 170
1.768599 171
1.771772 172
1.776546 173
1.782919 174
1.788092 175
1.791266 176
1.795639 177
1.800012 178
1.803986 179
1.809959 180
1.815532 181
1.818706 182
1.823479 183
1.827852 184
1.831426 185
1.834999 186
1.837772 187
1.842546 188
1.846919 189
1.850092 190
1.854466 191
1.860039 192
1.864012 193
1.867586 194
1.871959 195
1.876332 196
1.880306 197
1.891852 198
1.895026 199
1.899399 200
1.903772 201
1.907346 202
1.911319 203
1.918892 204
1.922866 205
1.926439 206
1.931212 207
1.935586 208
1.938759 209
1.942732 210
1.950306 211
1.954679 212
1.958252 213
1.961026 214
1.965399 215
1.968572 216
1.972146 217
1.989833 218
1.996580 219
2.014268 220
2.021033 221
2.038702 222
2.063136 223
2.067510 224
2.087570 225
2.092344 226
2.112033 227
2.116407 228
2.120780 229
2.136468 230
2.140841 231
2.145614 232
2.149988 233
2.161033 234
2.165407 235
2.169780 236
2.172953 237
2.177327 238
2.181700 239
2.185273 240
2.189247 241
2.192820 242
2.196393 243
2.201967 244
2.205540 245
2.210313 246
2.214687 247
2.220260 248
2.224633 249
2.229407 250
2.233780 251
2.238153 252
2.242927 253
2.247300 254
2.251673 255
2.256047 256
2.260420 257
2.265193 258
2.269167 259
2.273540 260
2.277913 261
2.282287 262
2.286260 263
2.290633 264
2.295007 265
2.298980 266
2.302953 267
2.307327 268
2.311300 269
2.315273 270
2.321647 271
2.325620 272
2.329993 273
2.334367 274
2.338740 275
2.343513 276
2.347887 277
2.352260 278
2.356633 279
2.361007 280
2.365380 281
2.389814 282
2.394588 283
2.399761 284
2.409521 285
2.413494 286
2.416668 287
2.421041 288
2.424614 289
2.428188 290
2.431761 291
2.435334 292
2.442508 293
2.445681 294
2.449654 295
2.455228 296
2.459601 297
2.463574 298
2.469548 299
2.473521 300
2.476694 301
2.481068 302
2.485441 303
2.491414 304
2.496188 305
2.501761 306
2.506134 307
2.510508 308
2.514881 309
2.519254 310
2.524028 311
2.528401 312
2.532774 313
2.537548 314
2.541921 315
2.546294 316
2.550668 317
2.555041 318
2.559414 319
2.564188 320
2.568561 321
2.572934 322
2.577308 323
2.581681 324
2.586054 325
2.590428 326
2.594801 327
2.598774 328
2.603148 329
2.607121 330
2.611094 331
2.615468 332
2.619841 333
2.623814 334
2.628188 335
2.632161 336
2.636134 337
2.640508 338
2.644881 339
2.648854 340
2.652828 341
2.657201 342
2.661174 343
2.665148 344
2.669921 345
2.673894 346
2.677868 347
2.682241 348
2.686214 349
2.690188 350
2.692961 351
2.697334 352
2.701308 353
2.704481 354
2.708454 355
2.712028 356
2.714801 357
2.718374 358
2.722348 359
2.725921 360
2.729494 361
2.732268 362
2.735841 363
2.739814 364
2.744188 365
2.748561 366
2.752934 367
2.756908 368
2.765254 369
2.769228 370
2.774001 371
2.777974 372
2.781948 373
2.786321 374
2.790294 375
2.794268 376
2.798641 377
2.823075 378
2.827449 379
2.847510 380
2.851883 381
2.856256 382
2.861030 383
2.872033 384
2.876407 385
2.880780 386
2.885153 387
2.889527 388
2.893900 389
2.898673 390
2.903047 391
2.907420 392
2.911793 393
2.916567 394
2.920940 395
2.925313 396
2.929687 397
2.934060 398
2.938433 399
2.943207 400
2.947580 401
2.951953 402
2.956327 403
2.960700 404
2.965073 405
2.969447 406
2.973820 407
2.977793 408
2.982167 409
2.986140 410
2.990113 411
2.994487 412
2.998860 413
3.002833 414
3.007207 415
3.011180 416
3.015153 417
3.019527 418
3.023900 419
3.027873 420
3.031847 421
3.036220 422
3.040193 423
3.044167 424
3.048940 425
3.052913 426
3.056887 427
3.061260 428
3.065233 429
3.069207 430
3.073980 431
3.077953 432
3.081927 433
3.086300 434
3.090273 435
3.094247 436
3.098220 437
3.102993 438
3.106967 439
3.110940 440
3.115313 441
3.119287 442
3.123260 443
3.129633 444
3.133607 445
3.137980 446
3.142353 447
3.146727 448
3.151500 449
3.155873 450
3.160247 451
3.164620 452
3.168993 453
3.173367 454
3.177740 455
3.183713 456
3.208148 457
3.212521 458
3.232582 459
3.236955 460
3.241729 461
3.246102 462
3.257033 463
3.261407 464
3.265780 465
3.270153 466
3.274527 467
3.278900 468
3.283673 469
3.288047 470
3.292420 471
3.296793 472
3.301567 473
3.305940 474
3.310313 475
3.314687 476
3.319060 477
3.323433 478
3.328207 479
3.332580 480
3.336953 481
3.341327 482
3.345700 483
3.350073 484
3.354447 485
3.358820 486
3.362793 487
3.367167 488
3.371140 489
3.375113 490
3.379487 491
3.383860 492
3.387833 493
3.392207 494
3.396180 495
3.400153 496
3.404527 497
3.408900 498
3.412873 499
3.416847 500
3.421220 501
3.425193 502
3.429167 503
3.433940 504
3.437913 505
3.441887 506
3.446260 507
3.450233 508
3.454207 509
3.458980 510
3.462953 511
3.466927 512
3.471300 513
3.475273 514
3.479247 515
3.483220 516
3.487993 517
3.491967 518
3.495940 519
3.500313 520
3.504287 521
3.508260 522
3.514633 523
3.518607 524
3.522980 525
3.527353 526
3.531727 527
3.536500 528
3.540873 529
3.545247 530
3.549620 531
3.553993 532
3.558367 533
3.562740 534
3.568713 535
3.593148 536
3.597521 537
3.617582 538
3.621955 539
3.626729 540
3.631102 541
3.642033 542
3.646407 543
3.650780 544
3.655153 545
3.659527 546
3.663900 547
3.668673 548
3.673047 549
3.677420 550
3.681793 551
3.686567 552
3.690940 553
3.695313 554
3.699687 555
3.704060 556
3.708433 557
3.713207 558
3.717580 559
3.721953 560
3.726327 561
3.730700 562
3.735073 563
3.739447 564
3.743820 565
3.747793 566
3.752167 567
3.756140 568
3.760113 569
3.764487 570
3.768860 571
3.772833 572
3.777207 573
3.781180 574
3.785153 575
3.789527 576
3.793900 577
3.797873 578
3.801847 579
3.806220 580
3.810193 581
3.814167 582
3.818940 583
3.822913 584
3.826887 585
3.831260 586
3.835233 587
3.839207 588
3.843980 589
3.847953 590
3.851927 591
3.856300 592
3.860273 593
3.864247 594
3.868220 595
3.872993 596
3.876967 597
3.880940 598
3.885313 599
3.889287 600
3.893260 601
3.899633 602
3.903607 603
3.906380 604
3.910753 605
3.915927 606
3.920700 607
3.923473 608
3.927847 609
3.933020 610
3.937393 611
3.941767 612
3.950913 613
3.955287 614
3.979721 615
3.984494 616
4.004155 617
4.008529 618
4.012902 619
4.017275 620
4.028590 621
4.032963 622
4.037736 623
4.042110 624
4.046483 625
4.050856 626
4.057397 627
4.061770 628
4.066144 629
4.070917 630
4.075290 631
4.079664 632
4.084037 633
4.088410 634
4.092784 635
4.097157 636
4.101930 637
4.106304 638
4.110677 639
4.115050 640
4.119424 641
4.123797 642
4.128570 643
4.132944 644
4.137317 645
4.141690 646
4.146064 647
4.150437 648
4.154810 649
4.158784 650
4.163157 651
4.167130 652
4.171104 653
4.175077 654
4.179850 655
4.183824 656
4.187797 657
4.192170 658
4.196144 659
4.200117 660
4.204490 661
4.208864 662
4.212837 663
4.217210 664
4.221184 665
4.225157 666
4.229130 667
4.233904 668
4.237877 669
4.241850 670
4.246224 671
4.250197 672
4.254170 673
4.258944 674
4.262917 675
4.266890 676
4.271264 677
4.275237 678
4.279210 679
4.283984 680
4.287957 681
4.291930 682
4.296304 683
4.300277 684
4.304250 685
4.308224 686
4.312997 687
4.316970 688
4.320944 689
4.325317 690
4.329290 691
4.333264 692
4.339637 693
4.343610 694
4.347984 695
4.352357 696
4.356730 697
4.361504 698
4.365877 699
4.370250 700
4.374624 701
4.378997 702
4.383370 703
4.387744 704
4.393717 705
4.397690 706
4.422125 707
4.426498 708
4.446559 709
4.450932 710
4.455706 711
4.460079 712
4.471033 713
4.475407 714
4.479780 715
4.484153 716
4.488527 717
4.493300 718
4.497673 719
4.502047 720
4.506420 721
4.510793 722
4.515567 723
4.519940 724
4.524713 725
4.529087 726
4.533460 727
4.537833 728
4.542207 729
4.546580 730
4.550953 731
4.555727 732
4.560100 733
4.564473 734
4.568847 735
4.573220 736
4.577193 737
4.581967 738
4.585940 739
4.589913 740
4.594287 741
4.598260 742
4.602233 743
4.607007 744
4.610980 745
4.614953 746
4.619327 747
4.623300 748
4.627273 749
4.631647 750
4.636020 751
4.639993 752
4.643967 753
4.648340 754
4.652313 755
4.656287 756
4.662660 757
4.666633 758
4.671007 759
4.675380 760
4.679753 761
4.684527 762
4.688900 763
4.693273 764
4.697647 765
4.702020 766
4.706393 767
4.710767 768
4.895441 769
4.920033 770
4.924407 771
4.944468 772
4.948841 773
4.969033 774
4.973407 775
4.977780 776
4.993468 777
4.997841 778
5.002614 779
5.006988 780
5.018033 781
5.022407 782
5.027180 783
5.031553 784
5.035927 785
5.042468 786
5.046841 787
5.051614 788
5.056388 789
5.060761 790
5.065134 791
5.069508 792
5.073881 793
5.078654 794
5.083028 795
5.087401 796
5.091774 797
5.096148 798
5.100921 799
5.105294 800
5.109668 801
5.114041 802
5.118414 803
5.122788 804
5.127161 805
5.131934 806
5.135908 807
5.140281 808
5.144654 809
5.149028 810
5.153401 811
5.157774 812
5.163748 813
5.167721 814
5.172094 815
5.176468 816
5.181241 817
5.185614 818
5.189988 819
5.194361 820
5.198734 821
5.203108 822
5.207481 823
5.232033 824
5.236407 825
5.256468 826
5.260841 827
5.265214 828
5.269988 829
5.281033 830
5.285407 831
5.289780 832
5.294553 833
5.305468 834
5.309841 835
5.314214 836
5.318988 837
5.323361 838
5.330033 839
5.334407 840
5.338780 841
5.343153 842
5.347527 843
5.352300 844
5.356673 845
5.361047 846
5.365420 847
5.369793 848
5.374167 849
5.378940 850
5.383313 851
5.387687 852
5.392060 853
5.396433 854
5.400807 855
5.405580 856
5.409953 857
5.414327 858
5.418700 859
5.423073 860
5.427047 861
5.431420 862
5.435793 863
5.439767 864
5.444140 865
5.448113 866
5.452087 867
5.456460 868
5.460833 869
5.464807 870
5.469180 871
5.473153 872
5.477127 873
5.481100 874
5.485873 875
5.489847 876
5.493820 877
5.498193 878
5.502167 879
5.506140 880
5.510913 881
5.514887 882
5.518860 883
5.523233 884
5.527207 885
5.531180 886
5.535553 887
5.539927 888
5.543900 889
5.547873 890
5.552247 891
5.556220 892
5.560193 893
5.564967 894
5.568940 895
5.572913 896
5.577287 897
5.581260 898
5.585233 899
5.590007 900
5.593980 901
5.597953 902
5.602327 903
5.606300 904
5.610273 905
5.614647 906
5.620620 907
5.624593 908
5.628967 909
5.633340 910
5.637713 911
5.642487 912
5.646860 913
5.651233 914
5.655607 915
5.659980 916
5.664353 917
5.668727 918
5.674700 919
5.678673 920
5.703108 921
5.707481 922
5.727542 923
5.731915 924
5.736289 925
5.741062 926
5.752033 927
5.756407 928
5.760780 929
5.765153 930
5.769527 931
5.774300 932
5.778673 933
5.783047 934
5.787420 935
5.791793 936
5.796567 937
5.800940 938
5.805713 939
5.810087 940
5.814460 941
5.818833 942
5.823207 943
5.827580 944
5.831953 945
5.836727 946
5.841100 947
5.845473 948
5.849847 949
5.854220 950
5.858193 951
5.862967 952
5.866940 953
5.870913 954
5.875287 955
5.879260 956
5.883233 957
5.888007 958
5.891980 959
5.895953 960
5.900327 961
5.904300 962
5.908273 963
5.912647 964
5.917020 965
5.920993 966
5.924967 967
5.929340 968
5.933313 969
5.937287 970
5.943660 971
5.947633 972
5.952007 973
5.956380 974
5.960753 975
5.965527 976
5.969900 977
5.974273 978
5.978647 979
5.983020 980
5.987393 981
5.991767 982
6.176441 983
6.201033 984
6.205407 985
6.225468 986
6.229841 987
6.250033 988
6.254407 989
6.258780 990
6.274468 991
6.278841 992
6.283614 993
6.287988 994
6.299033 995
6.303407 996
6.308180 997
6.312553 998
6.316927 999
6.323468 1000
6.327841 1001
6.332614 1002
6.337388 1003
6.341761 1004
6.346134 1005
6.350508 1006
6.354881 1007
6.359654 1008
6.364028 1009
6.368401 1010
6.372774 1011
6.377148 1012
6.381921 1013
6.386294 1014
6.390668 1015
6.395041 1016
6.399414 1017
6.403788 1018
6.408161 1019
6.412934 1020
6.416908 1021
6.421281 1022
6.425654 1023
6.430028 1024
6.434401 1025
6.438774 1026
6.444748 1027
6.448721 1028
6.453094 1029
6.457468 1030
6.462241 1031
6.466614 1032
6.470988 1033
6.475361 1034
6.479734 1035
6.484108 1036
6.488481 1037
6.513033 1038
6.517407 1039
6.537468 1040
6.541841 1041
6.546214 1042
6.550988 1043
6.562033 1044
6.566407 1045
6.570780 1046
6.575553 1047
6.586468 1048
6.590841 1049
6.595214 1050
6.599988 1051
6.604361 1052
6.611033 1053
6.615407 1054
6.619780 1055
6.624153 1056
6.628527 1057
6.633300 1058
6.637673 1059
6.642047 1060
6.646420 1061
6.650793 1062
6.655167 1063
6.659940 1064
6.664313 1065
6.668687 1066
6.673060 1067
6.677433 1068
6.681807 1069
6.686580 1070
6.690953 1071
6.695327 1072
6.699700 1073
6.704073 1074
6.708047 1075
6.712420 1076
6.716793 1077
6.720767 1078
6.725140 1079
6.729113 1080
6.733087 1081
6.737460 1082
6.741833 1083
6.745807 1084
6.750180 1085
6.754153 1086
6.758127 1087
6.762100 1088
6.766873 1089
6.770847 1090
6.774820 1091
6.779193 1092
6.783167 1093
6.787140 1094
6.791913 1095
6.795887 1096
6.799860 1097
6.804233 1098
6.808207 1099
6.812180 1100
6.816553 1101
6.820927 1102
6.824900 1103
6.828873 1104
6.833247 1105
6.837220 1106
6.841193 1107
6.845967 1108
6.849940 1109
6.853913 1110
6.858287 1111
6.862260 1112
6.866233 1113
6.871007 1114
6.874980 1115
6.878953 1116
6.883327 1117
6.887300 1118
6.891273 1119
6.895647 1120
6.901620 1121
6.905593 1122
6.909967 1123
6.914340 1124
6.918713 1125
6.923487 1126
6.927860 1127
6.932233 1128
6.936607 1129
6.940980 1130
6.945353 1131
6.949727 1132
6.955700 1133
6.959673 1134
6.984108 1135
6.988481 1136
7.008542 1137
7.012915 1138
7.017289 1139
7.022062 1140
7.033033 1141
7.037407 1142
7.041780 1143
7.046153 1144
7.050527 1145
7.055300 1146
7.059673 1147
7.064047 1148
7.068420 1149
7.072793 1150
7.077567 1151
7.081940 1152
7.086713 1153
7.091087 1154
7.095460 1155
7.099833 1156
7.104207 1157
7.108580 1158
7.112953 1159
7.117727 1160
7.122100 1161
7.126473 1162
7.130847 1163
7.135220 1164
7.139193 1165
7.143967 1166
7.147940 1167
7.151913 1168
7.156287 1169
7.160260 1170
7.164233 1171
7.169007 1172
7.172980 1173
7.176953 1174
7.181327 1175
7.185300 1176
7.189273 1177
7.193647 1178
7.198020 1179
7.201993 1180
7.205967 1181
7.210340 1182
7.214313 1183
7.218287 1184
7.224660 1185
7.228633 1186
7.233007 1187
7.237380 1188
7.241753 1189
7.246527 1190
7.250900 1191
7.255273 1192
7.259647 1193
7.264020 1194
7.268393 1195
7.272767 1196
7.457441 1197
7.482033 1198
7.486407 1199
7.506468 1200
7.510841 1201
7.531033 1202
7.535407 1203
7.539780 1204
7.555468 1205
7.559841 1206
7.564614 1207
7.568988 1208
7.580033 1209
7.584407 1210
7.589180 1211
7.593553 1212
7.597927 1213
7.604468 1214
7.608841 1215
7.613614 1216
7.618388 1217
7.622761 1218
7.627134 1219
7.631508 1220
7.635881 1221
7.640654 1222
7.645028 1223
7.649401 1224
7.653774 1225
7.658148 1226
7.662921 1227
7.667294 1228
7.671668 1229
7.676041 1230
7.680414 1231
7.684788 1232
7.689161 1233
7.693934 1234
7.697908 1235
7.702281 1236
7.706654 1237
7.711028 1238
7.715401 1239
7.719774 1240
7.725748 1241
7.729721 1242
7.734094 1243
7.738468 1244
7.743241 1245
7.747614 1246
7.751988 1247
7.756361 1248
7.760734 1249
7.765108 1250
7.769481 1251
7.794033 1252
7.798407 1253
7.818468 1254
7.822841 1255
7.827214 1256
7.831988 1257
7.843033 1258
7.847407 1259
7.851780 1260
7.856553 1261
7.867468 1262
7.871841 1263
7.876214 1264
7.880988 1265
7.885361 1266
7.892033 1267
7.896407 1268
7.900780 1269
7.905153 1270
7.909527 1271
7.914300 1272
7.918673 1273
7.923047 1274
7.927420 1275
7.931793 1276
7.936167 1277
7.940940 1278
7.945313 1279
7.949687 1280
7.954060 1281
7.958433 1282
7.962807 1283
7.967580 1284
7.971953 1285
7.976327 1286
7.980700 1287
7.985073 1288
7.989047 1289
7.993420 1290
7.997793 1291
